-4.533716e-04
1.422051e-01
3.039843e-01
4.827574e-01
6.683015e-01
8.559936e-01
1.035359e+00
1.201187e+00
1.346168e+00
1.467883e+00
1.565004e+00
1.640107e+00
1.694133e+00
1.728415e+00
1.745818e+00
1.746996e+00
1.733193e+00
1.704839e+00
1.662673e+00
1.606333e+00
1.536277e+00
1.453012e+00
1.355864e+00
1.247122e+00
1.129551e+00
1.002288e+00
8.718053e-01
7.381326e-01
6.053320e-01
4.765438e-01
3.536853e-01
2.363167e-01
1.271230e-01
2.706097e-02
-6.348898e-02
-1.439486e-01
-2.131440e-01
-2.703455e-01
-3.153289e-01
-3.476980e-01
-3.666949e-01
-3.731586e-01
-3.665842e-01
-3.486150e-01
-3.198970e-01
-2.819234e-01
-2.357646e-01
-1.836072e-01
-1.258108e-01
-6.500025e-02
-2.478976e-03
5.997203e-02
1.209600e-01
1.783368e-01
2.311514e-01
2.773278e-01
3.150791e-01
3.437711e-01
3.615867e-01
3.675405e-01
3.610037e-01
3.409986e-01
3.087889e-01
2.640886e-01
2.065893e-01
1.366106e-01
5.730138e-02
-3.327705e-02
-1.332334e-01
-2.424115e-01
-3.594245e-01
-4.827787e-01
-6.119777e-01
-7.443678e-01
-8.764609e-01
-1.007029e+00
-1.132589e+00
-1.251399e+00
-1.359623e+00
-1.456007e+00
-1.539851e+00
-1.610480e+00
-1.666999e+00
-1.709060e+00
-1.737176e+00
-1.750347e+00
-1.748155e+00
-1.729967e+00
-1.693786e+00
-1.638758e+00
-1.562545e+00
-1.464647e+00
-1.343132e+00
-1.200898e+00
-1.037249e+00
-8.609134e-01
-6.757280e-01
-4.914455e-01
-3.126332e-01
-1.457104e-01
9.146743e-04
