-8.003982e-01
-7.997066e-01
-7.989715e-01
-7.981931e-01
-7.973686e-01
-7.965251e-01
-7.956091e-01
-7.945942e-01
-7.935475e-01
-7.924434e-01
-7.912494e-01
-7.899982e-01
-7.886251e-01
-7.871977e-01
-7.856661e-01
-7.840353e-01
-7.822734e-01
-7.803675e-01
-7.784039e-01
-7.762619e-01
-7.739335e-01
-7.714757e-01
-7.688924e-01
-7.660235e-01
-7.629958e-01
-7.597243e-01
-7.562045e-01
-7.524749e-01
-7.484065e-01
-7.440740e-01
-7.393693e-01
-7.342616e-01
-7.287384e-01
-7.228547e-01
-7.164770e-01
-7.095686e-01
-7.020179e-01
-6.938449e-01
-6.849157e-01
-6.751355e-01
-6.642534e-01
-6.519572e-01
-6.378690e-01
-6.207811e-01
-5.994083e-01
-5.706731e-01
-5.298306e-01
-4.684691e-01
-3.723907e-01
-2.234999e-01
-4.533716e-04
3.039843e-01
6.683015e-01
1.035359e+00
1.346168e+00
1.565004e+00
1.694133e+00
1.745818e+00
1.733193e+00
1.662673e+00
1.536277e+00
1.355864e+00
1.129551e+00
8.718053e-01
6.053320e-01
3.536853e-01
1.271230e-01
-6.348898e-02
-2.131440e-01
-3.153289e-01
-3.666949e-01
-3.665842e-01
-3.198970e-01
-2.357646e-01
-1.258108e-01
-2.478976e-03
1.209600e-01
2.311514e-01
3.150791e-01
3.615867e-01
3.610037e-01
3.087889e-01
2.065893e-01
5.730138e-02
-1.332334e-01
-3.594245e-01
-6.119777e-01
-8.764609e-01
-1.132589e+00
-1.359623e+00
-1.539851e+00
-1.666999e+00
-1.737176e+00
-1.748155e+00
-1.693786e+00
-1.562545e+00
-1.343132e+00
-1.037249e+00
-6.757280e-01
-3.126332e-01
9.146743e-04
